[gd_scene load_steps=4 format=3 uid="uid://b7s682513whrk"]

[ext_resource type="Script" path="res://the_big_circle.gd" id="1_puswj"]

[sub_resource type="Curve3D" id="Curve3D_osf1y"]
bake_interval = 22.9
_data = {
"points": PackedVector3Array(0, 0, 0, 0, 0, 0, -2.40819, 0.921337, 1.99283, 0, 0, 0, 0, 0, 0, 0.180709, -1.37689, 2.03993, 0, 0, 0, 0, 0, 0, 0, 2, 2, 0, 0, 0, 0, 0, 0, 0.420676, -2.49053, 8.58444, 0, 0, 0, 0, 0, 0, -2.40819, 0.921337, 1.99283),
"tilts": PackedFloat32Array(0, 0, 0, 0, 0)
}
point_count = 5

[sub_resource type="BoxMesh" id="BoxMesh_oqxiw"]

[node name="Node3D" type="Path3D"]
curve = SubResource("Curve3D_osf1y")
script = ExtResource("1_puswj")
wheee = 0.0

[node name="PathFollow3D" type="PathFollow3D" parent="."]
transform = Transform3D(0.0388209, -0.99913, 0.0120372, -0.775907, -0.0377343, -0.629632, 0.629559, 0.0151041, -0.776738, 0.2938, 0.308481, 4.90926)
progress = 10.1417

[node name="MeshInstance3D" type="MeshInstance3D" parent="PathFollow3D"]
mesh = SubResource("BoxMesh_oqxiw")

[node name="PathFollow3D2" type="PathFollow3D" parent="."]
transform = Transform3D(0.0277831, -0.944606, 0.326675, -0.74117, 0.199766, 0.640762, -0.670566, -0.259937, -0.694694, 0.153635, -2.38104, 8.2613)
progress = 15.9891

[node name="MeshInstance3D" type="MeshInstance3D" parent="PathFollow3D2"]
mesh = SubResource("BoxMesh_oqxiw")

[node name="PathFollow3D3" type="PathFollow3D" parent="."]
transform = Transform3D(-0.0181894, 0.663671, -0.747736, -2.98008e-08, 0.747858, 0.663783, 0.999784, 0.0120744, -0.0136038, -2.10909, 0.621028, 1.99867)
progress = 0.555759

[node name="MeshInstance3D" type="MeshInstance3D" parent="PathFollow3D3"]
mesh = SubResource("BoxMesh_oqxiw")

[node name="PathFollow3D4" type="PathFollow3D" parent="."]
transform = Transform3D(-0.00960059, 0.0998292, -0.994906, -0.00376372, 0.994942, 0.0998689, 0.999894, 0.00470361, -0.00917678, 0.315456, -0.67967, 1.86318)
progress = 4.36281

[node name="MeshInstance3D" type="MeshInstance3D" parent="PathFollow3D4"]
mesh = SubResource("BoxMesh_oqxiw")
